1,2452
2,18748
3,10030
4,34994
5,27920
6,32802
7,48121
8,45309
9,36071
10,36631
11,58346
12,72649
13,54401
14,55490
15,46617
16,64051
17,75581
18,75025
19,84157
20,74852
21,81834
22,156915
23,70002
24,77641
25,114505
26,94973
27,82783
28,124308
29,95190
30,90950
31,104858
32,137633
33,121168
34,173604
35,164038
36,134825
37,133971
38,127448
39,122100
40,115851
41,115492
42,145815
43,132048
44,129834
45,164436
46,128896
47,136145
48,142532
49,106545
50,80735
51,76159
52,99596
53,73113
54,67267
55,71117
56,73704
57,73741
58,73384
59,92555
60,88484
61,67855
62,72638
63,86811
64,85895
65,123326
66,81221
67,86726
68,98568
69,80049
70,92091
71,76642
72,119434
73,124250
74,117265
75,110813
76,84250
77,97624
78,92703
79,90946
80,114890
81,94864
82,116295
83,103013
84,123184
85,103901
86,107495
87,103932
88,129738
89,124361
90,115054
91,132215
92,187568
93,128564
94,75446
95,72348
96,103008
97,89852
98,128367
99,83489
100,75677
101,116441
102,105535
103,85421
104,88440
105,122561
106,144170
107,139929
108,142584
109,182448
110,185091
111,223753
112,173251
113,210360
114,197379
115,90781
116,93099
117,99116
118,107384
119,121449
120,96112
121,130074
122,100246
123,172534
124,160120
125,193828
126,241928
127,147829
128,154136
129,183174
130,167469
131,186644
132,178182
133,144835
134,180405
135,107051
136,112473
137,184935
138,198515
139,194472
140,145559
141,220919
142,253342
143,144088
144,142927
145,187000
146,175670
147,194123
148,186528
149,246467
150,225126
151,247926
152,152314
153,137542
154,133943
155,130296
156,137620
157,138572
158,207332
159,202018
160,197471
161,213084
162,192326
163,154959
164,147967
165,185171
166,166224
167,141802
168,217410
169,171152
170,214307
171,181171
172,242306
173,285032
174,273380
175,230894
176,269344
177,178700
178,185635
179,172579
180,174688
181,160537
182,236360
183,187031
184,207456
185,259259
186,304493
187,311415
188,167052
189,172615
190,173404
191,281899
192,292469
193,213932
194,343181
195,388199
196,180595
197,284156
198,297591
199,195879
200,223009
201,236189
202,335803
203,363862
204,440246
205,357494
206,391427
207,330529
208,316640
209,292454
210,288120
211,331044
212,348932
213,431033
214,340789
215,360098
216,204521
217,240698
218,211055
219,299624
220,282602
221,325820
222,340406
223,442810
224,431139
225,419125
226,436109
227,414095
228,383206
229,543322
230,369584
231,359855
232,360317
233,375596
234,393606
235,488007
236,410174
237,380779
238,396774
239,371286
240,374221
241,432570
242,377569
243,323409
244,260967
245,255544
246,274009
247,248839
248,312300
249,388565
250,467244
251,329498
252,417860
253,230509
254,238181
255,250568
256,279653
257,442619
258,406694
259,459223
260,569976
261,324173
262,276195
263,2055706
264,387754
265,349216
266,315350
267,294023
268,278059
269,271508
270,264566
271,381098
272,447027
273,468712
274,439511
275,378304
276,235732
277,343019
278,388478
279,419671
280,559294
281,529091
282,461342
283,461499
284,385065
285,442669
286,415207
287,422855
288,365484
289,357415
290,252982
291,234199
292,317452
293,375628
294,449532
295,353828
296,384108
297,373872
298,254990
299,396497
300,308384
301,500989
302,351994
303,292875
304,261680
305,277167
306,258222
307,261818
308,246124
309,256173
310,294536
311,284161
312,278637
313,296241
314,271145
315,278554
316,304863
317,506065
318,402516
319,500157
320,265862
321,281796
322,310470
323,517607
324,483593
325,587436
326,486444
327,307313
328,281714
329,291239
330,277508
331,300393
332,331788
333,290203
334,305558
335,312911
336,304364
337,323161
338,308059
339,302924
340,526511
341,512498
342,560923
343,366663
344,647875
345,479388
346,558251
347,462537
348,487938
349,359703
350,306454
351,374616
352,300364
353,317165
354,326540
355,343600
356,332899
357,281264
358,308623
359,300843
360,351673
361,350262
362,497618
363,531806
364,434279
365,493931
366,310075
367,469271
368,349643
369,421249
370,431841
371,305361
372,357414
373,344320
374,381424
375,399803
376,426344
377,392827
378,417141
379,380135
380,413998
381,413460
382,478060
383,439539
384,530934
385,796889
386,418118
387,670422
388,531105
389,701062
390,408976
391,408137
392,448323
393,467513
394,460709
395,459952
396,628497
397,473786
398,458291
399,444889
400,835323
401,889434
402,667322
403,560088
404,466425
405,505015
406,777456
407,855151
408,696463
409,465186
410,601200
411,424294
412,776308
413,790440
414,826627
415,1027154
416,702734
417,745284
418,538471
419,537224
420,852458
421,850124
422,599158
423,902998
424,463850
425,729410
426,550375
427,709476
428,569633
429,522608
430,566015
431,462911
432,497059
433,850356
434,608997
435,559313
436,886832
437,558494
438,498523
439,479866
440,830060
441,1028235
442,507599
443,855701
444,521173
445,489115
446,539032
447,520361
448,665520
449,682293
450,834559
451,534891
452,493155
453,566157
454,611617
455,713596
456,534051
457,649008
458,550514
459,601679
460,472084
461,577563
462,556730
463,640027
464,734603
465,610173
466,683992
467,897560
468,927432
469,524124
470,970352
471,901929
472,803247
473,505796
474,624117
475,849520
476,520769
477,605888
478,506476
479,609308
480,777271
481,640129
482,877551
483,894861
484,950210
485,571538
486,570462
487,940389
488,504879
489,573398
490,651454
491,1116702
492,570862
493,978666
494,1006719
495,1061094
496,1362588
497,1120064
498,1102698
499,948361
500,1160821
501,1031669
502,1072068
503,461766
504,445277
505,527129
506,458331
507,513968
508,520543
509,666188
510,487868
511,553584
512,446121
513,299288
514,337366
515,309060
516,360865
517,322226
518,387100
519,461509
520,340279
521,328133
522,359400
523,503490
524,462483
525,356568
526,327073
527,320777
528,504233
529,512557
530,482757
531,326088
532,328759
533,579860
534,555246
535,538711
536,384066
537,575139
538,477751
539,442359
540,338753
541,529534
542,332756
543,391465
544,334898
545,561658
546,561375
547,359633
548,357101
549,444600
550,726661
551,452685
552,368744
553,618717
554,530828
555,570366
556,571128
557,534703
558,363872
559,1374969
560,388942
561,483923
562,337136
563,272589
564,241783
565,261361
566,260296
567,266119
568,260183
569,255253
570,260051
571,238922
572,249622
573,459153
574,363561
575,284260
576,254079
577,421757
578,338670
579,266270
580,400602
581,446154
582,479646
583,335869
584,244192
585,249846
586,462825
587,402302
588,534358
589,400588
590,557088
591,500761
592,459416
593,337144
594,308776
595,234328
596,274865
597,240746
598,255894
599,243074
600,240244
601,464144
602,405031
603,385562
604,254101
605,384038
606,409403
607,270041
608,287546
609,264702
610,253871
611,253757
612,284449
613,257255
614,253185
615,278203
616,279121
617,659503
618,589705
619,641654
620,545309
621,307156
622,270259
623,267288
624,298377
625,291482
626,267586
627,394010
628,296226
629,387258
630,433603
631,442778
632,456065
633,466306
634,594545
635,296992
636,283852
637,275806
638,272658
639,277102
640,255627
641,423868
642,423887
643,315467
644,283228
645,298009
646,252710
647,340564
648,504650
649,314546
650,272305
651,284028
652,251889
653,290286
654,271688
655,272624
656,260616
657,280121
658,275983
659,439486
660,530441
661,288299
662,270113
663,312557
664,308644
665,314598
666,306394
667,272085
668,295251
669,271694
670,327617
671,299528
672,305510
673,415119
674,371390
675,441050
676,310242
677,307423
678,338892
679,412099
680,301794
681,306527
682,282563
683,323268
684,323993
685,294701
686,365935
687,288429
688,526304
689,318688
690,304554
691,484775
692,451243
693,279307
694,280898
695,318936
696,333586
697,313916
698,282127
699,302621
700,336542
701,319050
702,391197
703,498855
704,413491
705,538698
706,582620
707,462695
708,359294
709,315086
710,305420
711,329999
712,319604
713,342370
714,346183
715,372158
716,464670
717,415063
718,319815
719,318519
720,319199
721,332462
722,777340
723,508189
724,378783
725,569315
726,324750
727,326115
728,301941
729,313155
730,569685
731,477267
732,477377
733,477976
734,606643
735,496810
736,460731
737,506393
738,342239
739,594048
740,632518
741,550038
742,522177
743,593972
744,565382
745,556814
746,651580
747,651610
748,636801
749,730163
750,530250
751,640652
752,709618
753,669405
754,556352
755,667577
756,475991
757,458535
758,437923
759,526278
760,471857
761,596661
762,470751
763,745862
764,475946
765,715903
766,502774
767,992423
768,520736
769,551859
770,669826
771,510036
772,464665
773,458356
774,450225
775,518082
776,537593
777,785779
778,516118
779,510838
780,503349
781,532808
782,727308
783,607561
784,546541
785,490395
786,519233
787,553826
788,521898
789,726322
790,835109
791,856861
792,721096
793,880229
794,907878
795,544498
796,492446
797,583888
798,835376
799,945392
800,631263
801,662425
802,778402
803,787520
804,930765
805,1037810
806,596335
807,561299
808,760204
809,989042
810,563985
811,584356
812,830825
813,924498
814,494692
815,553735
816,575114
817,803696
818,531385
819,599773
820,562664
821,598524
822,587423
823,790559
824,701171
825,509238
826,616382
827,610397
828,881239
829,909514
830,1148747
831,921530
832,674982
833,793917
834,650836
835,1030242
836,562330
837,597311
838,599946
839,580172
840,551574
841,608333
842,1003953
843,928568
844,649651
845,570517
846,525136
847,524947
848,694843
849,575362
850,645051
851,747975
852,826751
853,633172
854,810386
855,922597
856,1025202
857,751443
858,820750
859,896979
860,706650
861,607932
862,562986
863,966889
864,599291
865,596346
866,937520
867,727354
868,798957
869,630591
870,1418136
871,372386
872,345919
873,641166
874,461423
875,382871
876,366706
877,380578
878,524107
879,549432
880,381165
881,359365
882,602692
883,479398
884,413697
885,405400
886,619417
887,463056
888,389240
889,415552
890,357120
891,497452
892,487076
893,412915
894,381128
895,419615
896,441856
897,684564
898,632541
899,396668
900,504574
901,721969
902,750231
903,675725
904,523155
905,530454
906,550157
907,604804
908,637427
909,421746
910,399978
911,417838
912,405688
913,419699
914,464599
915,950773
916,677576
917,476440
918,578310
919,554513
920,422425
921,413820
922,405497
923,466401
924,434960
925,416852
926,380526
927,426049
928,446802
929,420263
930,521437
931,395008
932,544198
933,604284
934,411258
935,642739
936,486794
937,433543
938,399048
939,524629
940,426867
941,491523
942,559394
943,413721
944,426491
945,423585
946,408583
947,418980
948,527694
949,490472
950,696235
951,451561
952,510464
953,415754
954,482988
955,417628
956,407569
957,589167
958,522385
959,465178
960,410135
961,404293
962,423989
963,410128
964,407899
965,411475
966,738746
967,477418
968,435331
969,516356
970,418218
971,398318
972,716448
973,576503
974,681987
975,597652
976,410366
977,398695
978,413611
979,446902
980,442889
981,426023
982,575583
983,524902
984,409663
985,412878
986,410303
987,418923
988,448976
989,496491
990,425752
991,490247
992,408998
993,459148
994,475495
995,388008
996,389889
997,411271
998,441489
999,398041
1000,436626